$ANSIBLE_VAULT;1.1;AES256
38383538383438353735353762336666386161353635343734316663383062643735643937643437
3762383731653663633536666134383238303734303838340a326330613533313338663965653831
38323938376565313764366339616266333165623964633466376264633362656437633538366632
3031383362316136300a323434323866343562343366373066613762343563353534333364373564
66373762353836633231376139306535626535613236336631326634616464613061323433393032
62356430643738316261353732313130353261396632623064663164636132343134653364633865
36656134346237383538323335353161363330336433616462386264356235623537323136633263
32336231636631373864373332346431333134386563343734326239396665353536333031313933
38616238656530356566336631656164316635373064353666396635346131633062663539646265
35386565373135313137383562393537653234613630363837376665646235363330333562363265
33303064626134366136373865623336623639643462343463376131613639396634313432333137
37666336643837656336613762626137353436373139323032373235303565386139376139303330
63646137626262653566326330623562363433343137393437386630356232366131343134346262
32626266336666336230303264366532356436623864323630383762656166636230396662363332
35656165303136653937646365303766376438333537646333323161316662333465363164656130
37336137316461313536626232653261326332646239306638356634666231326562383766383338
36663839623730633035343839386464636634663966383734313064323735643830626231333836
65313230653663346233613138633438313137643166633065613266313830643266333531326631
61636134336236346262353761373233643334326435333032333032326632653230366637333761
33326430363632633231333132663337313537646162663833626338343334643336366262623337
61613732386437343439666630383131343764663739656439386530363038616464356164313564
33376232343037633836353736393937343661363163363639376439663362323065326262623862
36313230353033643836643662646136666231326531346432656365353434363762643537623165
63653837633632363832633565353165653831313562393861636661653039336661636436343264
32623031396363643738366438616332346262323730646564643237653563623463653934396230
65623535396437376336303235333736363034333766386138303261363263326531313838336166
36386432386333353462373836376634646661646130346638643031333732366432383536636136
31373465363031623936303534616339366535336530643662343963343661313335633837386439
31353930653461646664333634386461363739386161303830333532306263396632363838626632
36613134343466323035363033326161623463336162643636663635383563323837306536383739
37306638356130353765313231333138343132613462323330313062343962663161323864616135
36353263626261663937356135353638623139653234343337623935326537343630363363316532
61646535343930663030346139323032343132613937643737633633663037343630653365306161
63303934366135656533643830306339373364336337343363366630306266356334316238333863
35623662636637646433333539313434646438646237623430313233623831666264353233643363
61353962613437616636626235326431663765636533666539656534633239643861363034303166
31336637663635323436663865316365353832326435393861613063363631333161393763316336
34636230636337666237623463353863343632653730333738396130626564313065323830386262
65396531366436336661356163316566356337393963376563323731336631613938623265386161
65376638656433373433383637623364623462313335303137653761646231393666396635393563
37363663356162616164643237656165663466373430663731643830633663353837363431643164
31323334616363303539656534333463613762656231333039633433666436363863393964633732
33366637316133613632336338343632646163333764643032373564613837363835643037316535
33393762313135653438626261306339653237646632353238643363643631323938613333313663
36343633613535643330303731333930346631623538663939343061323036353139366239633166
35373361396566656263343334353834633936356339633332323264653537333538346436386362
37636135356461613462376433303936343831656466633933323435323739333732346433333563
35383064656162323639323366653132323862383037646462363665356665383936313431353630
34333465373634643861646132356465666466313862633431623061313561663438636165386139
65633632636430613030373865656664366635383762383834373132623431353266656336613166
63356136363638366230313130386333656139306561383335333766663765663262363234656334
33356463633966633636393538323536353063353965393966333134353532343766616565393863
36663139613632393165653439343263623030613263616436373963643139663861326461376661
64393830613861316637303031383336613330333737663837353364326431656133373631333332
36323361613266323362626362333136366537653236326233393263653830636638626437313239
36666139336433633535313666653366303431313535333437363639613763393161313364356136
65336638623764376136336634303331626466323632633232363432323930643931656433346539
36343630313462313938366431643337383033626137623232656134383739356232343135613739
37396562346233626262303266656165346631663035653239303235353733376530646365373166
30663639643062333263626333306136613963643562353138356665323331643338353136356238
30383032316666366431616561356262646631373039316463356365326463386334623933636232
39646333386163333263373536613838393662366536303634313337623532376362373330323663
31636366356332663034656132316331396261653839323031623436376665623963313731623339
66383437396132323333386530626366303661613366373566373733643331363436306639363631
66623937306435306133303463613561653630616633366631656439306138653363343430653732
37656135353638366539656539373265333963356430343239633737343730666266643039663637
37633066363066636537393835343136376534303434333735613136396165306331656566636464
66633835373662373635646539646334336466663431666262366466353330613166313231346539
61383230373637643933363439633435643961626638353337626432376232383363356137343034
65396664616637616630336136643066623631343537306461313438663732386138323635363232
65626535333435383138623561396662356663363733336630326166316661613330663932643865
33373130303763326662303064643464366133666139623632396264386531613438306533653237
64646438653565623038363735623537623239376536613231626365636263336138656632346432
31376333336132373835656438396131303436626666363736383761623333356632343265653832
36616166346339626464613662643465343338616436373962353339653534383865326337386262
31343233316635303331353164613265393334303531663736346632613037613237646661623864
64313435323431623831313836363038313038656465666338373966343538363739646162396532
35386361373739653863396133666466313064646532623836646135343736313931336563363136
31643539333536346638386130393063343133623536363830383336636364616330373863306630
31376464313365393564383265383763326435653061663231613335303836373737656431646132
66383361313165346630383631373437313331386433376334363664333232636532363464656137
31366364386561343762663531373631623262646139316333333864633030353634323037613935
34656161333564653934313063323837343731356266623131323531343431313137633661366631
30356565343634396462333162663863313132633530343638633339666336316632393963376239
64626262643235373639353437656165303433333362323562386230616436653838346432373836
37643863626234666432346336333035333666366338663461613363623037313638663830303762
33633961373864306136623963336635306438613464336230343965616536316138636639653430
33326339343139633530373134313461646166613364346466653465353034663138616530313930
63626538343731306561643138306664386234353838663863643132653130386137613262313537
32656438363464316365396138306463353963373062663636343734653438303031336633353862
61363237343036316135613636356265333736353339303137626136306361666633643231383565
39646632383533623831623031343631303336616234663734336363663635616234356233383566
35633266626561623864343365623136376162373131373337643965633036303330623362633864
37636364373039336336356563333330633935326439666632316361333165636635373036366330
64653738313334333833316639336361346663646330643166366238373539383439313939366134
36646336643761356637316433633830663137636666616331303332343864346236303264353139
63383339376235636637376637346161306534373066656430646434396432356432326664396365
65373065303638366261633735326636346339306663313864363837366436663565336563393936
66383234626564326533313030613231396631303237626163376534636330326166316236353230
33643532336531333462303062663766316666613965366533666464613764313565633734363466
33633964653365613936636531623461343964383430663238353065636166646536386334653833
62666334346163383336313337316366366138633530623134383630306263666361363330313262
31626331386563646365373562333234353761303461366665643638336131313664343066333536
38396463626139366131396164663563323866636432623039323366666464373836653932643136
62346635643934653432333534336331653830613739326430613737336461396338626632366565
33373536653266656231633738623234656136643231346266316233643830626462313037326331
64363535343166356339656631363962633632326139613561386534336463383839313065333062
30393635346638323136383961336464613465356566373261323463356264316361323031373865
61333537333138383062356666383962393036383666363336666139306239656563376639323339
6362316237633262396332663530656461363535373965373030
