$ANSIBLE_VAULT;1.1;AES256
62396664346632663530626438343330383933666462373063346236336134396662616430653836
6565313934653639633962303933373866666635623432330a343530623530346336643062356139
33636563636137623131303161303631656661656139333535393031653739373933353336383339
3134613032653738300a613065663562663862373134633062623265323639366261386534613765
38393764356634303562323337346532643364373666343438353563363635356237303565626434
34633639623861643832623264653832656339643862643239376663343132616461393563316365
64663266663363653735326535366666353866653335393935313831343139313935396565663538
34333034653732326162613866366437306333636664343061616161613361396332356430343738
30393538326139613333623261633734306135626264643039326263363738343132376430303064
34303035323966646464303331336337383231336535313031653962643863333361663037616630
35653934363135393934323866636237626536303231373733616666323135666438613032653562
65393663356363656631353333643333336561383636393564643832633064366138393839396165
36356438323064626233326630393766393433633363396438303836383662326537666366636536
33366230323761666230316638653365353762646331623430653166343334333935373636333962
38323861306439363239353136613236663333343034646134303838343962373531666466313432
33643836633932633432656461306161353737336136626335333637666337313633613961666336
65646631313739386164393531653837653964386338313763303061613537303264656236353236
62623664623036383338633137663832386437636333393633393364356234373865396262636636
62633036393062396337353134303065633835306337386338623761386434616661656130666238
39353762623438336438356565313938313966386630653737376463623334633432353265316564
30363065306164656436326430366235373836633363623335326434383239333437643862383532
38313338303738316161643266386165653662383931303730616535643237373139633537376662
66333834613764336136346163626533333264626333623735323034333734386564313633306163
32646661646262636464353431393064353935323439316561366638316237633262313766393739
37626566316365653565356166336233366233636462623832346164303763353465623630653466
61313539333533306535396461373232666365303164653265663639633232353366623165633363
35613934613437316337643862356531663539626165373137663065343438613563306161366630
66376535383434383135303939636162373333333538363932383137623936393134633037346663
39303062373430613330363935393432366334623537333235653662333331353063666634316130
66393662356333393463323536396437346164333163326363636562373461623834313339306566
61346265393632313735646166626137636633656464376331663334393035323461373561613331
39316133396635646432363235616266316261333632643835346234613130653962316631653634
61303235396530646138313635643132646439336631643764636232343961346366386334383133
33333231313633383036363462376437633065633966386433323634656536333737303831653037
37336635313539393636646263346236356166626630643337303761323639373766623761306664
34353064326666383061643538636566653733336332333338646465333037663837633063363866
38613539333932373663353730316266663734326334363834623963363333303764303032636132
64346331633031346466326365313762346262313834653537666633393635323532633938346163
39623437636433323166366438353532656630393630313838356166386461333364363634336434
30353132656237303039636664633730346436646236313433343038323462396631366165623066
62636333316435303333313035373032653532346334333737303337326565303538313064663661
32623432383331343866366263386230383334323666613964316365623139303936383834343736
32333538663264303437666330663064646231383762356334396533303131643232343230653462
66376231343438376332616666653936613934643135346335383666376537353862633638396165
62333863313663386637383763663565376461303138313264666437646661353661373335343764
64303534336232653565313539366237303739663333656236396134373431663237363862353561
63626561373464616236666535626264363933386335653638313432633733376330616235333132
32376465346661386465653934376135313635653361386363303737353935663766613666623466
33303162343965313138353439663639376362626265376236386334656335663766326363396139
36393363656263613761376561383762353138636137316439646462633039646439326231353733
32313334646536326431636430613365333835613066343564346133346433613135643362663837
32663766636535396561346466313634336432653363373333336239366161343939333331383065
64373335623731613134303234643435396236633231346132613232313735623061396532653263
61633833383536643634333732343133366461303963646165663037626230643736346439636339
66653563353134326139656236383834386665323239313138613733393134336233356330303966
63303764616662623765346230643862376637383036306132643636343030336438376337623238
39363633666534613230393365306138346633323239343863383339373965353762313762616534
30646230313730373737373165656463633031333463656134323333373233323836396436616435
30393865323631653035306365663763316431646337636536646338646161396464636362306639
38626365373464346639323235323162376433626434373966386434363161303830356135663038
36646336353431303437393839623165643166343165376463333534346438653337383130313430
63386532656365373131653033396533373265373964623465383962343232613432303438376639
62333330666432396138376535316566383766376364313839653565323563376563326236353965
64633966613166313164623238663164363237336666313261666164346463623765393434353037
32356231396534363837323761393138303138303436363361636366326136303161323233636264
61303433366562313638616437653336666135393236363137316366303265653139393266636135
37326334353064663432336535383766373861333238366339343730643934346232393235386438
64616565636134616132613337313362353233393865343538396537396664303161633363613062
66386135376663666630333337646437663264306635306638326435643933613439373839643365
30346336343832653239653963343965653363616331623364623239333565633761343132626635
37303739303034346139636666316130663332653936626331646164326364663731316530623730
31323533303864633961346330383634323730326564613132303961616565663331303535373565
30633565323331383562623363316239316465303966633131343462386133383739386336343464
36656264373963343762376638386436396363313631383433313134363736313131373365396639
64393032356264313833386237383736386163646534313062313065386536613865623264633433
66336537333664653062623130336232333439303266383235373632363038333861303331346336
37333464366239343931316537623433306633343865616233633261333832616539623637633532
66396639376564393031333831653866643961393861336665616165363830643631336238383463
65393439643937313637353838666463316465393338393232663731636135323935306161656162
61383764663434636132393761386233643730323530643161366535343738396262623733333833
66373236396464326366373532323739303264386431303736313231323363396436393062636562
63623632646165383965396131356537666238333430373233383562313830646634653838363361
61656135643839356265626562316162386665643466626132303937653431343836653662383766
30643133396135663264383562363231366632643232636163643734646161626161666265653531
65313863326431373063303366633033623439636530633033363337336438623733346665396638
36383366383765376364373730316236636366323166383064343730643635336664656263613665
37326139633831666130333665653437306138316164626463303663373338323663666461656463
66613133373139343031626235393865633463643064633630303764313339393262666136386531
32623931323865633433393261346633396337646132656234393835663638623331616164656238
37626438356633373930373562643366633431363465613263653235626433626566303239636232
35353865353762353034353862613831646538633533353163623934396135303464343232363836
64643466616230386330636463386237353664323537353664306464303035323463613939626462
65376334363931386334383466383863653664623863336363616462373663376239333334623663
32373662396333316238353232326361353064393835366531396134323134343962653336333661
63303664633334656639663666653038663034666633393032383764666435353836373532643964
61326562333561326135303437643737366431343366643230303562383162323363393161653933
64383631646163343966626636396266646532623234616130333438313131393963623362656434
33666330616265313261353363356431376333666362373033353965316563656634663661343363
66613831633736373733663464393139386235626339396565626432643437386630653535303063
37343132356665376337303165663330623163363238636532653465373964623964633662363533
36653532323632363162653230316431393932303164336535396363316331623534386262316234
30326564326536376432643432343465663933316332383638363732666362303930386333636264
64303332396362353366633830383162636338663465626361343265353432643363363930326236
33373062656666666365613339303763656631623730303062633135323064663738396337616632
63343461353436356134303965643637303335663034343762336136303536366634326537663731
61366261386436633163303766353264303632656163663630313663386266346264326263313265
38343861376133376566303864326262336638343938333537353162653034373936646364356566
34386334636230643337336635316135343961313330633331663038623934363232313563313663
63616637623934343339306231623230343335623037653334636666393064636638326533633134
30613536323465343738343066346166653936353862393263383333613561623937356363656435
30653933646264386237663766663233353764343638383866623865613134633031616366616536
35383863353731326236656465333061363062333534373132643665633964636566653939336530
32303938343763333564613933653662626131653831633762663039333039396566666163346461
38623135666239313238313138346431386236656437306136373265393835346365326637626433
32353138643262303032643164353161313530323162313731656533393866313362623633633130
34393865393631613463646439613038343533306139333635366439636463396361333865396332
35666631303137363662376161623038333830326364373339646530616162666330303466323930
37313933663230303265356339623832343530633861626163316365303630326165323734316438
39336663623132303961333133343637396534303037663339313836313032613566383734666338
61326537373737623632643631383931316138616464353334316366393864336434313532613236
62303137653536666538373035323230666537333730643330663965656536393463323363653631
36366165326133626231313430633435653261366132616237663730326265353865326534383333
65343561383261666331386139353130653666323665306536323766623132616165363866653561
37323730336234353739613565323565623063363238623739613664346533393734326430383963
31386662613762363635653834633539323763393832656233626461336230393366653063323166
37313562333266323233313663393930653331376635353733663931616435643432303034633063
31643363623835363362663830376566633632653061633063666439336332386364313934666636
62373834356131646238316433353030666637626261323232363838376236383462623833363731
33626338653366616463323134396236633236326635396231643065316230343634366466303539
32343263343864643663333737383534633266343937666334376564626263323137323863366131
38656430633133333166623065626261343438356163396238386665616633343964373866616134
31303938623161656461306661383465363464346265396233643566313361376237356463633630
35356364346364653039316535356664373830613837666230646332616133393931303133373361
36393731626633626239646661333162323539363731636365666363386635343164353636313639
34303038643631373965303266333965343733626638313337363535396331663630343438333230
35643666336363376436353063306366643861613431633430313739396464313539346666613161
33366238393636356632383339353337643864636338333034333136313136363737626238386138
38396435626630383062393363326137646336343865386331633963303936376539303439343939
35623534383433376465306362633733313836636637386663383133393830653538373466303937
32343164616561656662353639316536303161663564376164313836373431343562386366393661
61613565643133393165646631323634323264383239636339336239346630326236313934386365
65336432336336623964363363323035623932386564396266336461313039643736613534306464
62656331646564663430306630363561356231666630663333303037396263376330343035323231
38643233366137323733623439653162633239313937313731666131383736616464333866653434
62396331386235326466623064346165626130383463633538396336646536616264663332613234
30303532393833393832656539373065313531323130643165336138613530343261343961646562
61323531343935303831666638633035623962383561613036613036353831346466656266633562
37643437323038383534323631633234613461653064616435663435376135343233356333353439
63383363346132353661343538396565393835323535303465393863633631363335316464643463
64633166376437333236383566383432613634653638393636356538353663343334636533393264
393633646131636361633163616631343731
