$ANSIBLE_VAULT;1.1;AES256
38343465663530633636353539373865663966326337633866363966373232343131393632663662
6339666539306262643963306563623637663137376632340a633539303364326634353132323239
39353131653833653832386435303762666138343938653361323236613537666331393334373630
3138653939646661320a343531326136356130636332343930626436353165653031316466376433
61613430653561363966633166383934306231633461353865623966626130636266613632366434
39383365313234653538643264363931616534353739653165333066653633373530396165336366
63663163313266333639643065343732623836346437343532356333316430623734663136393738
36626539643034363262393834333039376162346165356265646634386236643935373131326463
32613164373930643238656161396339613639303837363231353461323066656435396163353338
35616465336132353436323035656330623165313862353631613432623863656336376264303430
66386365353833343832383063626536303032316235373439663262653137636236313764383533
63356164636237633065316339613063353036393237636562363035333433643637353261356165
32666436346365313936303634663366303135616337616537393035383432633631626634616662
38656539656131613764396437616338333564613663303333393736336466323664356530313736
30313262363330636337643437383834323861356230333164353165333266313266646566636233
64363964383464306366323065616561666466363734376338643165633631643733333037393031
38393638383261623366636335346434626630313762633634303535633230656333626537333761
61343162636331656134616636656463646130333935346461343830393932303939376365373066
36343063373763633736656336386638636634396562633766393138396638356334666365306534
37313938316330343863366339323563653661383238346661326566316661643431373032393064
61316134653933333861666633333366343462303730306531613139353135323631383638353835
33336362366534353464656530313666326533663930643338353035383832316439626461653132
37303262376436633333303636613233633831383661653133636535653934303366626631663164
31333733303465363935303134636239303131393063636538643339376636643865613939666465
31393761383662656663633566383133313031656665376165616466333763383339323231343565
66316531393933636632393630383966333965353362303763636435346636353866333231623333
61613132643366383763303736616630383539336533396333383065616631633939356163663330
30376663633530623233363564346533376331373561303634353930373162366566646639323734
38643464383765646630383731366439326133663939636637623237633732363838323865383831
63326230616535346532393635386462356464663430643236336636386661306634653261363338
61323139653435636262373536316162616133383930613264356634336561363366376639393564
66633534663232393330653562346437633236646531373230323132306430303532633835356131
65643066323562613565333531323564383264313933373334326532333563306132396532373632
30653834653030396433663434636665393465376236666534653062373735653332613037336632
35323532666235373866366135343136663832653031326166373362616663393461373931333565
62393666656634313065666430663630343130666466633030376536306337313339393032393231
64316463363431653136646239626133393536366234656165666330346238326431333434646265
38626161346166373661333764356439663037333334666637633237316237633031316562383164
63303563333433376639636339633932386264626633613235373638663165383230323065653438
64613134383836373833633261643338396165343665353431383831303834623939636361383864
61343232373763333134376366316662353262363363323638393934616433613836343466363733
34393338396133396336623831383966636331353466343361623166643633623066363865333435
37333339303233333437323465366632373862633462366537303462383762636637626435656231
39333433396332333132326362613331613166633833643133633637636566626233396439303665
32363666633232336332643430633961306165313938323065326433613133396232343531613965
30656163383064643964363863616662623566613032353063333132666232636564656530346564
62323430363930623761303665656438613136646236313536393834373033396666323931323964
61353935313637326662653833373638653166646431613535316263373631666237346235636466
64356131313366636331616464363331326138306533343634313866326432326633616562373834
33643366343465643262383238656230336131396132623165313938393038646262646631656136
34646166346463373835633466633837336262666235636664376362653166623538613734353535
35343861356232393435356563346466373631613835386631626438343432653039356362306362
33666237383633653939303062623032306138373666646362663031666365353866373763643531
65643063353436343538613132613237333131383636613131393735653533326161313963333366
64623965373238666336626136643838613561323263653263303037373862613034326132363938
32666532623132626633383134616631626331636639663961623934336634326231613939373762
62343231333033663737306366373333643531316663356234636566663036663338363932393261
62326464623930623535303431643439626134663138623561633666336461326238326336393738
30343532623566623064346161333530353765306362613062356665323666386430323934396361
61333131346366663163376238343962636437316438323834303264633161643433356432363137
61306563336365666462376338663539633139636436663832616365313939386463633635326363
34363461323337616362623765646132383333346366643261343635383438336438306234366535
38323935383935613363646534626431396362376565393862323339386437663138303930646263
64626466663730333565613365346566353965633934613230373836356335633062653864343439
39623735393035626132383038363661313333323765653561636134633563336636326538323537
36313032653638336162326536363561343033346335633966313065633634336161666439373336
31626537626132666538633631386663316532633237363533333739343166363239396330353333
61633964396231363363333666313436656635343033663766623861393538366333633533383263
34323966303263363039306561326639393639333863656263393130366330386263643730623733
65643361633530646461316531336165383633386433313235396566613066376434613461373763
64643130336365363732353361386531643765356336663831326336373038353936333964353130
63643465633836393331653433666230333430663439306430303866386134636132323631623361
37393964303334343736666237333364666563363139313964633536333637633734333861346532
31653539633164653931663361303339653836663865336333386638373130616161323064363837
36646463343465666230343836363032393862353538353530333538636437373461326565623233
39323930326539366233363431623965363030643730626161626163323261383263383936366539
61356632666336336331653538616434353737346562313934393262376365633439356535333830
30313162323462353863653435316636316133633932646538616534343633373739306162633637
61303663323435613766306337353135363366366239396231336661346139373032326266643334
36313634306631646162386430646164323163373834323336633232323464363563313537353065
31373363616532633336386238643862313535643132613965333062396265386235303365316531
66653630316664336135363031653765633234636330356264643030326130353734323164656335
63633036616233313634643666363362333933313830333839373730663238353231636533383666
35373631353563303066386133363639353030323265316263613631646461316636616266366430
65393365346438633737656263303836636331343231366665323735396162633230373330613732
34613764386535306261323339326538363539393139643963653638636337393430396538626664
33346364653831306264333738353430663032363839353032323661313939626262303130346436
63626565666630333262393739373961383165646239306130386336386635336638366163393462
39643438393065393539386233353764373636326264306639633138393539353136316331366164
38326137663436386135303439383362613632653630353631363966383430616234366433323661
30653535663032313533376338346566383865326636366266386165663261633138633765386232
36386139353364303736336261626430316537333261366563613737646430326238366432643963
61363330383766633364343061613636306463633936386135663738393061363939643238373630
31343031316231343333386135336535393736313164356238626533393666383635313263663663
32383631663136636439353636343932363061383264663632663437323030353239396362653566
31366566633633336337616634326639393133303937646638333438623937663330623837353433
65356562373263646464636536393563303161646235376362333534383062646430393735396664
36393964666133383666663238636363356364653865353266323737373539663263326137613633
64356536323336346462346537643931356537376135663030663562326263333839373164623333
34396331336538393463366539633932353335323230663938613938643164393133373334313731
64633138623666366162306632613932663739373130306331633330373936336562663035323538
31653864356231393632633232626164396432613138373933323435646338383263363865353266
363038616631613265336665306464653762
