$ANSIBLE_VAULT;1.1;AES256
33636339396363646365626432363139633330343533353564363333383032663833326134343461
3366646131653933636263623632343033393730363962620a333134306230386635333433623838
32336661666364366137353839623538636234643939633464366537366335366136363133366636
3933393234633832640a363038646535663532383962613466663565633363363463383033353832
33386564626166396233656336366237336435313035316136343731366532646236373236626665
65353261303433333363363738326664333136663230373131346637313838656266376463366236
62373263333264363932346239616639666161623337613764663435373064626661303063346361
39663630623030396266396133346138653261656632326139633261303366353464346631366631
64346133633835616233653533623439333765623034613336616534613461363964396666663562
64643436303362643436383963646362616432373538313139326663646235326638343938373435
39316135666663343537373138303632636533633562343231633033303366396436313739643838
37656634643137653934313765303863333836656235653266383865353234666538396136363730
30633132623162343462636361656565303863653732653034383262363138313265333236386266
32316264396235633031343931623561653761383535313039396639343134393461333735373533
62666564353463353863313037396566393764373236326230656332666563346130656435316435
63633632393365373834323066626339356538643938346233303764373534616162373561356365
62336562383261393539383366343931313461663264336332633264323839643834326363613166
34643931383335633132663262393766366336666164323936653233316463396365343535306134
66623061383236376531316337306166396564663032326636386136326263323434653263343032
30333433336331313062656630303562646539626639353135343163643761336336626231643634
66396566633561636362333862396237396662303464633166336237393265383537383639643464
61656539336432633465363832333936363265646261383430623936343966616265393335613138
34643632366263363835336130386439383065633935336330353664396261623630306562363762
66633538366530343566626464343134326538346530353461353233393039633166653962616164
31373631323239366130643133646665653335326539636332653364656265313935636635306435
33323539336364353961306439316463656262373364366637356463616638356662353833303438
61353132663433303961653835306562633334656437323639376562326533383235313839323634
39383362363161663430326230653038386261353433626164616536326537303965633963663833
35393964313238643336333038333134613337323539306137663535653365623937653036373966
30656638653236663036366166376538326230666463356633643134653633386533313433616532
30643062343566313739356263393333366433653636663062633032666333623866383966666636
32623531663732393464643739653965393762663038656635356563333633363466343231326465
36646130303764346436336531636263396366343132383365373836626330623564666666333038
63323461626362663761313931323731353235383764623064356437326533633261386433373864
35613561616231663631366530373637663331613134636133646664646431313536636638363536
64306561666238313732383336353263303764383138613165643131626132636161323662356130
62396532626531336631613462623639653931323464623035313065386235303261386265373731
38343738326636326633633739313139613739613734353962336164666430376463303839663737
62623739623165646435663432336330666632343334383338643166396239616231613137373431
33376439666461323433663835343138383632323231313734363633623632383035313262346262
61653633336536353432653736626339653462393432636633356330613732613830313833643762
34326435633039393031343762356437666138366432646464623032326631636635616435643334
38636533303265306232346565383166653235353633396433643034633037363762646164303362
39653035633462646236636565393830633331353738383336626561363537376161373032306638
38616361363161633861373930633739326266626134643939396339663732363631333138653337
65333232313139363037303230666161616132656663343438343236373763663335643937613134
31313266323464653634623231656134653031646437623235306331656331633530643362663534
32663361343336613663306531613832393836663630363235666130623435353739323662353539
34653536353762306463656530303137333565383766623961346162326264656261646330376366
66323433613031626433386132323562326533653038383836356438306261303036396663333737
65653230363866613633393166366166343330323939626139646661363235343138346234323461
65323364353161383565666466633862393337666264316538353066313731643361623733383332
61393638373565623663303630356366613837646138663766323833633439626536393731356566
34346139656666643531653964326139643337303236623735326563323035316563383466316566
35373432336362353030363139313030376264383165313961663963613039363438376334346130
33616136303866323039643236376231316330326266613530393831393035383661393734356263
35333733383931613935643263366134396162393063343039633438346330623335623632653733
35636535313863626233343932353132656437643732663937633839663932626436323064363463
66646362393764643765313265386231343032633839386338643330666261383635353861623961
64303862623530653330616630386164633737393436633864353630653231303137383332623230
64633836653839386332353563633064616466303138616135326534356338373437333334333963
63613938346164336234333164373130326537616433303366326165646339386530376263393963
61343262383633316165373962666131636533653562323631373837343763616439613864363136
63363636383962626431316238303263353966323736373561386335323531396565353065343436
35316366333735636135373966646662653338633239383161303430643236363364623936373464
33353939323139393231373661636233393630663461336163383466653132313839373461396162
33393163383062313430653263316166323030323461333435663334326634323630663366623865
39633261326236383733383966313538633030353236623430653662303563376162363865326364
31623432316661303232373663373264396464343537323362376664663435613464316464643238
31303533353232343963663235616332353563316264626239383731613664613537336262613933
64313364393337656232663265306433383663643033376235613230373038616439303333626237
33303030303333663639353139373037346562386562373237383133313533333032656135323639
63313732386237623062613434323635393830656136313066336138303861383862386464653031
39353763373932306235653764333138353137663536306265393239646163343761316536363262
34663965316239366464643637633330643039643865666666623432343663643035326164623965
36363838346538633334373438313061356563623636303230373763623163323563633236363562
30333834663966386232306237623630636564623832323538643039636633656638366261396631
33666366306463653839303762323762383432653164616362323634393262636234333064373562
35346138663132393630366635616634363532323664393936336535383461663937656365623961
65353934363532383930643731643831643963353139326231343737366339393330366139626161
33366437653462646537383763613234333837636635363363373530383264396238633366653833
64356666366339663733666131386135376535616331643934356235313833643364663030623737
61613435303739643536353534633139393830373932396363343430333063623437313166343736
31313030623665376365666661373930383830323433303433376162646638363163356162633538
66316464323465383735306439393434303064373534366366656138643737613235623261653139
34613936366534613563613634613761383930323965313735326564306364623836306331353830
38306232303262373830343333653232363938306364383437613564396466343335393739613034
39613161316139623134393834326130663338333534316236353564383934306639646239333661
35323339323336363939383339653539663665636566643135346362336538316566383330353532
36366663383038663634616266633235346330393738343431326666623038323730653832623162
38343133356331633836313432663333646663613262363566386461313964383731393934666336
66636666646561623939
